Timestamp,Prompt Tokens,Completion Tokens,Total Tokens,Source
2025-04-16T21:45:29.964818,72,600,672,repair_plan
2025-04-16T21:46:11.313951,658,250,908,chat
2025-04-16T21:49:33.588725,558,387,945,chat
2025-04-17T11:39:23.482431,72,600,672,repair_plan
2025-04-17T11:40:35.550839,662,397,1059,chat
2025-04-17T13:44:31.038358,71,600,671,repair_plan
2025-04-17T14:37:44.680309,71,600,671,repair_plan
2025-04-17T14:43:42.973357,72,600,672,repair_plan
2025-04-17T14:51:27.465219,72,600,672,repair_plan
2025-04-17T15:11:30.967389,73,600,673,repair_plan
2025-04-17T15:11:43.766650,71,600,671,repair_plan
2025-04-19T18:57:42.900270,73,572,645,repair_plan
2025-04-19T18:57:50.359231,71,600,671,repair_plan
2025-04-19T18:58:40.903649,3527,117,3644,chat
2025-04-19T18:59:42.537863,3687,34,3721,chat
2025-04-25T12:19:36.475938,73,600,673,repair_plan
2025-04-25T12:19:44.660940,71,600,671,repair_plan
2025-04-25T13:00:33.544949,73,600,673,repair_plan
2025-04-25T13:00:43.071071,71,600,671,repair_plan
2025-04-25T13:27:03.401652,73,600,673,repair_plan
2025-04-27T20:34:55.124982,73,600,673,repair_plan
2025-04-27T20:35:04.727831,71,600,671,repair_plan
2025-04-27T21:25:52.123775,73,600,673,repair_plan
2025-04-27T21:25:59.936086,71,600,671,repair_plan
2025-04-27T21:26:51.112427,3543,53,3596,chat
